Return: 1.7561529874801636, Index Chunks: 3
Return: -4.222505058938015, Index Chunks: 11
Return: 1.5878664553165436, Index Chunks: 19
